96,0,69,71,16,62
74,43,21,102
16,8,52,77,102
102
2,102,71,20,61,62
102,13,112,82,89,62
33,43,102,9
43,124,102,62
16,102
102,71
102,71
106,102,62
1,29,76,85,87
102,62
58
117
102,62
16,81,102
61,102,71
102
102
0,67,4,80,19,85,87,95,62,31
86
110,102,63
102,124,61,62
102
16,102
102
37
102,62
102
16,124,102,62
102,71,46,122,60,62
0,26,92,102,71
2,102,62,87
67,6,102,12,62,94
16,102
34,102,21,124,61,30
16,102,62
124,84,102
16,97,2,62,47
64,61,102,53
16,102,62
16,2,102,62
102
16,102
102
102,43,16,85,124,62
102,72,42,109,87,88,28,61
68,62,102
102,69,62
102
32,72,2,6,65
44,102
88,9,102,71
0,81,19,117,62
102,119
102
34,70,102,39,105,78,115,87,62
2,35,98,102,17,34,16,113,114,22,87,88,124,61,62
102
16
87,13,38,103
30,102
96,62,102,111
102
102,9,88,124,61,62
43,124,102
16,102
62,87
124,102,62
102
102
87,119
102,71
16,102
104,46,102,62
2,102,49,82,61,62
102,71
107,124,61,102
0,99,70,102,115,56,59,62
16,102
46,102
16,102
30,102
16,43,62,79
62
16,102
25,43,85,79
102,43,85,54,79
102
16,102,62
102,43,46,27,60,61
2,102,104,46,61,62
2,102,7,104,43,45,46,60,61
2,102,7,104,43,45,46,60,61
43,46,102,45
101,102,73,14,51,118,90
102
102
102,119
16,102
16,85,102
16,102
16,102
102,62
48,2,35,50,87
16,121,102,62
24,73,36,14
117
70,39,11,15,115,123,62
16,102
87,119
41,2,66,5,102
85
2,11,100,70,6,39,73,42,55,14,15,115,75,83,23,10,62
96,124,61,102
102
124,102
2,11,100,70,102,39,40,73,75,108,14,115,85,62
61,102,71
102
102
102
102
101,110,102,63
18
102,72,109,87,120,28
16,3,102
16,102
16,102
102,62
16,97,2,62,102
43,62
61,102
16,116,102
88,102,61,62,71
74,61,102
81
16,102
102,41,13,57,91,93,62
